 745 470
 523 181
 596 510
 825 552
 882 706
 888 547
 911 449
 268 190
 283 57
 327 239
 372 4
 580 112
 599 444
 797 708
 970 879
 290 271
 353 288
 447 311
 598 72
 669 227
 702 153
 718 212
 780 80
 868 374
 424 21
 511 472
 703 337
 855 150
 881 447
 906 452
 409 400
 687 151
 722 43
 776 495
 790 112
 819 429
 824 4
 847 271
 870 442
 628 329
 731 275
 737 50
 757 675
 781 277
 812 244
 913 364
 209 52
 369 33
 594 292
 664 395
 726 547
 745 561
 764 198
 957 789
 370 121
 448 382
 462 171
 520 69
 762 704
 789 37
 803 747
 809 211
 812 604
 825 763
 860 500
 896 109
 436 403
 664 574
 828 346
 837 522
 839 45
 865 498
 325 34
 398 227
 534 347
 637 206
 815 403
 878 556
 898 578
 922 907
 498 381
 602 468
 617 11
 669 585
 669 621
 720 707
 770 387
 838 581
 891 396
 472 26
 698 451
 783 410
 803 140
 862 22
 961 193
 963 884
 976 433
 320 118
 383 362
 407 383
 562 301
 677 374
 727 180
 848 307
 941 552
 964 404
 224 102
 293 217
 543 523
 749 581
 770 527
 782 89
 798 459
 900 612
 973 665
 241 46
 413 243
 579 260
 606 431
 632 239
 744 236
 759 282
 771 155
 93 61
 110 68
 311 57
 384 380
 762 124
 908 663
 925 611
 935 102
 935 282
 318 124
 482 1
 501 477
 577 411
 628 280
 640 345
 675 350
 692 556
 799 148
 813 762
 891 367
 970 85
 979 556
 447 412
 465 121
 591 222
 624 541
 694 634
 322 313
 403 170
 507 323
 513 157
 668 615
 741 50
 910 851
 912 579
 922 203
 961 288
 986 42
 305 204
 404 148
 479 302
 659 450
 661 54
 683 325
 746 308
 757 698
 764 416
 797 650
 399 94
 452 140
 492 222
 499 473
 629 49
 629 601
 713 351
 806 138
 903 186
 949 744
 260 166
 304 208
 419 80
 595 553
 644 13
 722 677
 753 220
 775 526
 945 165
 246 49
 330 222
 340 93
 366 192
 497 232
 539 488
 647 106
 694 75
 729 221
 773 711
 813 82
 886 688
 962 925
 95 62
 301 220
 385 369
 419 410
 432 352
 647 281
 681 80
 754 704
 786 610
 849 232
 892 101
 962 730
 981 189
 292 115
 372 18
 427 281
 456 75
 488 200
 723 559
 860 743
 979 659
 422 3
 788 455
 789 376
 809 247
 815 543
 822 644
 826 167
 863 372
 898 710
 899 609
 276 247
 308 279
 459 313
 560 139
 588 181
 773 169
 791 541
 861 427
 876 491
 901 655
 924 889
 960 702
 187 125
 220 42
 613 26
 659 303
 760 542
 823 83
 835 408
 861 518
 930 929
 72 53
 238 84
 416 84
 486 91
 542 82
 575 329
 600 54
 745 536
 941 720
 975 802
 291 114
 701 360
 719 119
 719 306
 734 676
 749 477
 749 641
 806 477
 867 535
 995 163
 366 364
 376 69
 449 234
 498 237
 635 309
 712 215
 763 390
 913 201
 933 196
 955 161
 977 644
 978 209
 1000 237
 241 128
 330 125
 511 330
 539 195
 539 297
 620 79
 625 492
 679 537
 680 35
 708 390
 718 510
 736 348
 768 85
 775 683
 939 717
 960 258
 314 76
 362 69
 386 274
 429 393
 604 502
 769 543
 794 421
 920 794
 942 880
 961 783
 966 769
 233 18
 341 328
 594 112
 809 696
 812 772
 818 223
 956 281
 231 34
 435 61
 527 251
 623 35
 641 115
 657 83
 678 49
 946 127
 355 44
 492 348
 601 240
 612 315
 758 717
 603 83
 742 588
 824 155
 872 108
 924 180
 953 465
 128 20
 247 239
 384 230
 437 433
 453 349
 492 159
 623 306
 666 128
 674 45
 763 38
 850 397
 876 634
 879 659
 885 710
 910 839
 996 552
 319 102
 334 286
 420 332
 439 364
 504 198
 625 589
 648 149
 731 220
 744 483
 888 670
 904 453
 203 142
 217 191
 348 334
 479 193
 632 427
 767 413
 965 62
 991 403
 392 183
 514 416
 582 170
 618 133
 667 389
 740 433
 777 72
 777 517
 789 612
 821 148
 966 308
 118 94
 301 111
 482 229
 616 133
 780 418
 819 263
 868 403
 957 815
 299 246
 318 136
 371 183
 384 18
 384 113
 619 478
 748 362
 809 26
 855 11
 901 221
 910 123
 933 610
 172 30
 325 103
 583 336
 599 412
 599 463
 889 86
 970 811
 188 125
 199 4
 266 214
 328 110
 723 50
 828 466
 887 22
 919 270
 935 569
 364 338
 490 445
 493 30
 575 170
 640 637
 671 54
 673 594
 727 519
 815 363
 205 47
 250 235
 302 173
 328 208
 627 121
 689 298
 690 125
 702 102
 721 108
 778 241
 804 345
 818 106
 862 99
 885 177
 961 305
 977 480
 192 80
 284 225
 553 245
 602 2
 751 585
 782 34
 797 262
 979 287
 735 529
 765 617
 893 506
 895 27
 942 921
 190 58
 273 35
 532 30
 745 123
 764 519
 794 600
 828 702
 896 623
 996 414
 397 391
 431 98
 538 184
 577 177
 594 128
 642 518
 646 78
 743 722
 772 667
 823 126
 852 353
 886 155
 901 7
 949 779
 967 455
 971 514
 393 159
 460 154
 750 363
 830 550
 871 513
 906 666
 973 972
 999 245
 235 189
 370 129
 380 282
 471 381
 584 326
 669 409
 720 304
 735 213
 756 711
 795 166
 836 430
 841 712
 862 184
 982 776
 491 368
 626 529
 632 139
 664 547
 691 189
 704 302
 778 726
 824 460
 844 447
 894 462
 950 214
 994 775
 345 220
 389 82
 432 302
 475 84
 476 474
 486 244
 758 437
 784 126
 790 24
 810 748
 934 306
 982 502
 397 357
 434 405
 479 57
 503 386
 509 247
 604 253
 631 410
 672 201
 825 445
 866 537
 922 687
 943 244
 945 817
 987 971
 996 137
 296 192
 613 375
 679 69
 830 24
 864 50
 903 364
 919 92
 937 224
 963 198
 967 66
 408 138
 469 246
 511 386
 655 95
 879 310
 940 223
 941 31
 999 315
 304 43
 311 66
 434 204
 449 166
 541 449
 581 85
 692 567
 718 67
 733 444
 788 461
 796 114
 855 695
 912 567
 364 303
 448 444
 465 363
 684 411
 763 54
 904 298
 937 852
 972 367
 77 54
 337 234
 422 309
 424 360
 545 222
 569 538
 654 178
 660 39
 683 506
 709 370
 716 390
 756 22
 948 690
 423 161
 425 11
 443 268
 542 69
 547 92
 674 183
 724 48
 847 430
 859 689
 943 271
 977 297
 523 41
 558 193
 713 52
 744 113
 963 715
 341 221
 384 377
 669 417
 787 336
 910 651
 917 471
 996 117
 345 212
 439 210
 630 437
 655 654
 662 29
 801 589
 839 805
 864 484
 905 290
 924 406
 989 190
 989 209
 288 146
 488 83
 637 372
 870 271
 958 403
 989 538
 998 629
 377 15
 417 120
 417 148
 425 352
 483 239
 609 361
 811 107
 332 194
 361 145
 362 321
 444 1
 545 133
 650 5
 655 277
 693 575
 714 448
 837 163
 861 343
 897 469
 907 556
 910 313
 973 908
 235 140
 662 212
 746 572
 767 199
 768 144
 887 417
 913 25
 914 127
 925 266
 946 78
 976 852
 410 342
 534 65
 647 446
 728 163
 734 155
 803 299
 809 251
 890 38
 953 706
 246 79
 590 437
 620 314
 649 432
 727 703
 762 130
 823 430
 883 665
 892 109
 892 567
 929 472
 934 737
 949 845
 969 216
 990 733
 317 40
 361 177
 426 70
 472 161
 533 64
 591 8
 665 89
 381 155
 505 161
 619 275
 642 424
 692 561
 802 276
 839 636
 889 549
 968 406
 571 346
 606 34
 904 47
 904 227
 927 636
 980 197
 992 511
 145 99
 564 550
 565 515
 751 324
 850 799
 888 215
 994 682
 87 59
 460 284
 582 127
 755 145
 788 160
 807 552
 871 766
 876 189
 908 313
 933 319
 335 77
 339 336
 417 219
 480 379
 611 220
 626 367
 877 349
 891 347
 982 385
 188 141
 293 201
 530 440
 806 87
 935 842
 457 268
 534 207
 611 458
 311 291
 494 480
 653 25
 919 622
 186 61
 197 108
 487 297
 734 499
 274 254
 347 97
 508 405
 936 633
 263 242
 388 168
 753 584
 854 17
 890 652
 637 152
 761 695
 863 489
 864 72
 873 487
 889 135
 894 210
 530 368
 566 338
 732 536
 761 182
 952 401
 197 2
 698 695
 771 402
 983 238
 362 64
 401 303
 358 90
 645 401
 696 12
 814 100
 967 162
 988 209
 724 237
 817 677
 819 787
 505 30
 528 143
 533 175
 570 309
 827 54
 959 685
 993 91
 476 183
 582 316
 597 191
 774 492
 202 52
 515 423
 601 104
 752 500
 869 466
 931 753
 936 559
 344 62
 385 105
 639 479
 738 708
 791 56
 820 618
 641 176
 654 32
 765 261
 872 617
 942 153
 424 294
 607 177
 668 490
 954 197
 420 215
 975 608
 981 373
 653 28
 831 577
 667 605
 718 355
 826 34
 897 576
 526 23
 705 264
 788 557
 996 528
 697 628
 882 592
 101 90
 226 163
 249 108
 728 487
 757 454
 833 297
 644 540
 884 118
 947 489
 967 394
 846 265
 853 193
 497 422
 524 341
 905 766
 51 8
 391 36
 739 494
 961 563
 185 61
 638 419
 170 9
 678 378
 993 928
 782 586
 397 164
 503 96
 656 294
 969 920
 340 179
 507 141
 660 282
 867 524
 985 498
 451 441
 614 7
 544 428
 742 546
 912 70
 312 101
 926 108
 252 54
 888 14
 983 849
 948 354
 300 296
 905 116
 995 857
 592 88
 568 171
 865 174
 464 113
 495 485
 916 347
 556 428
 992 359
 799 257
 848 823
 909 851
 587 220
 743 512
 456 10
 656 289
 789 365
 951 143
 885 71
 548 390
 705 276
 880 725
 918 783
 946 846
 721 60
 726 74
 814 337
 123 6
 998 333
 687 593
 633 415
 854 334
 238 158
 521 427
 792 243
 997 859
 999 686
 600 481
 768 467
 902 250
 185 55
 132 83
 648 259
 692 248
 317 91
 643 431
 685 585
 858 307
 158 16
 516 95
 800 13
 907 554
 438 366
 332 19
 977 256
 751 168
 283 269
 197 63
 439 122
 532 272
 808 73
 993 944
 700 415
 975 808
 875 301
 932 222
 149 90
 926 551
 979 525
 539 134
 874 470
 915 125
 496 457
 889 856
 865 285
 932 228
 313 81
 531 159
 402 131
 816 653
 829 653
 651 156
 843 138
 938 251
 573 131
 793 299
 555 394
 984 965
 384 356
 834 683
 890 295
 281 218
 785 202
 984 147
 895 61
 978 255
 858 267
 699 133
 711 278
 331 224
 828 658
 840 205
 974 336
 832 476
 963 923
