 28 10
 178 329
 315 312
 386 212
 550 124
 557 298
 606 465
 703 15
 705 667
 732 269
 743 452
 751 329
 806 619
 961 917
 997 120
 128 24
 255 205
 289 139
 332 754
 363 35
 422 296
 456 364
 458 382
 460 238
 594 277
 607 542
 614 166
 635 172
 647 169
 662 390
 696 251
 714 636
 739 32
 771 636
 777 759
 803 765
 824 175
 843 696
 851 272
 917 370
 934 12
 961 41
 973 765
 990 915
 59 22
 185 61
 274 134
 293 133
 294 2
 327 73
 364 299
 409 114
 422 64
 437 401
 449 397
 475 107
 480 256
 488 318
 494 414
 597 172
 617 108
 622 409
 637 468
 657 13
 684 579
 689 71
 771 685
 787 530
 823 357
 829 74
 850 803
 906 580
 927 142
 990 769
 997 356
 998 961
 148 92
 275 212
 359 89
 401 307
 428 306
 432 277
 492 445
 517 21
 519 96
 532 37
 564 256
 572 42
 585 356
 683 568
 709 300
 750 636
 783 712
 791 697
 800 502
 815 348
 819 499
 876 126
 941 386
 942 379
 989 494
 998 844
 173 93
 295 125
 384 716
 391 231
 482 355
 535 96
 592 321
 621 275
 624 316
 770 252
 770 372
 798 541
 825 511
 835 360
 907 323
 914 679
 914 717
 949 167
 953 627
 996 626
 998 969
 128 38
 205 4
 244 155
 253 84
 294 174
 353 81
 369 208
 407 22
 424 523
 478 238
 578 148
 739 346
 772 629
 774 98
 787 150
 801 129
 809 485
 849 8
 857 689
 861 260
 902 218
 909 675
 219 67
 239 197
 249 205
 263 224
 361 195
 370 295
 371 140
 425 153
 449 361
 512 368
 520 288
 544 458
 576 397
 586 579
 610 570
 616 344
 650 554
 660 561
 679 514
 720 254
 730 4
 747 505
 748 62
 805 453
 840 9
 871 388
 883 789
 890 414
 911 287
 914 384
 922 600
 963 215
 980 194
 988 102
 64 14
 139 98
 140 47
 300 134
 369 1
 459 18
 510 137
 521 224
 602 209
 617 581
 672 339
 697 348
 699 173
 699 618
 709 501
 716 69
 770 5
 777 506
 811 543
 848 834
 857 355
 904 70
 911 607
 923 86
 931 91
 939 334
 953 908
 981 502
 983 326
 265 105
 357 259
 360 83
 384 240
 469 242
 492 225
 536 138
 543 158
 543 420
 576 362
 590 334
 594 586
 597 10
 634 297
 636 192
 638 75
 647 303
 676 587
 698 677
 731 265
 735 606
 750 38
 767 373
 795 714
 804 677
 825 308
 835 721
 839 161
 867 897
 894 589
 901 463
 936 479
 986 395
 997 887
 998 948
 69 32
 192 57
 205 9
 267 156
 404 178
 497 356
 556 387
 560 109
 568 84
 628 191
 666 366
 746 212
 750 633
 773 660
 777 143
 818 205
 865 252
 874 185
 923 781
 939 669
 944 663
 986 914
 355 26
 511 272
 542 225
 545 217
 562 205
 642 193
 653 396
 668 562
 683 640
 690 595
 790 706
 832 404
 848 751
 911 391
 916 513
 921 760
 933 421
 948 463
 984 114
 991 598
 159 130
 234 54
 267 54
 420 189
 438 412
 448 896
 532 472
 574 284
 586 119
 598 76
 601 178
 638 497
 675 232
 701 239
 716 472
 736 493
 793 735
 817 548
 863 821
 895 799
 911 186
 913 298
 953 8
 959 32
 967 131
 983 248
 155 136
 256 219
 287 198
 299 5
 310 41
 316 166
 401 250
 430 946
 435 255
 436 89
 452 193
 475 360
 500 204
 572 933
 635 446
 694 982
 696 571
 697 289
 710 440
 754 436
 772 472
 793 485
 797 432
 862 851
 916 470
 922 768
 932 516
 960 563
 966 444
 968 208
 993 78
 214 337
 250 100
 265 23
 285 254
 388 83
 423 242
 453 145
 465 171
 466 43
 543 280
 564 499
 587 210
 599 136
 666 160
 708 130
 766 684
 797 266
 824 399
 833 794
 870 143
 909 576
 920 459
 942 60
 967 416
 976 432
 69 250
 123 116
 141 98
 162 127
 163 69
 311 123
 355 115
 463 337
 496 245
 505 146
 512 137
 521 129
 530 414
 540 653
 541 13
 541 124
 614 477
 621 200
 673 416
 698 349
 706 601
 748 667
 776 673
 812 486
 817 273
 821 7
 853 410
 864 361
 872 42
 891 527
 927 342
 943 634
 952 601
 975 377
 990 817
 995 958
 998 180
 369 325
 387 31
 395 381
 479 51
 615 393
 617 174
 620 167
 625 159
 636 454
 665 67
 665 212
 787 61
 894 278
 901 641
 925 362
 966 454
 255 222
 455 337
 473 244
 599 241
 621 28
 643 276
 651 354
 668 229
 682 112
 695 253
 715 136
 736 588
 756 595
 761 209
 802 116
 805 791
 826 583
 830 155
 863 610
 869 649
 962 453
 982 279
 985 257
 113 64
 175 76
 221 66
 244 966
 330 570
 438 142
 474 173
 497 321
 505 151
 532 178
 591 69
 620 65
 654 129
 662 258
 669 15
 706 199
 738 30
 780 482
 787 47
 816 261
 828 680
 846 722
 855 811
 879 344
 937 666
 950 944
 962 216
 45 6
 207 149
 314 37
 345 34
 361 297
 403 175
 476 189
 554 127
 570 444
 586 489
 602 156
 639 135
 648 268
 666 203
 687 180
 688 271
 718 534
 727 464
 737 318
 752 719
 755 710
 774 447
 788 898
 838 554
 840 614
 856 54
 879 739
 883 228
 890 409
 893 265
 897 450
 921 466
 945 741
 977 782
 978 921
 997 610
 203 37
 370 133
 434 105
 440 112
 466 192
 475 18
 547 130
 561 552
 577 156
 586 497
 599 66
 608 492
 612 184
 721 404
 837 795
 848 407
 883 497
 916 65
 938 276
 12 983
 123 89
 157 89
 200 32
 324 66
 426 418
 464 165
 569 110
 571 134
 578 497
 623 365
 630 473
 636 448
 756 7
 756 81
 784 778
 806 290
 810 361
 813 152
 822 50
 823 658
 840 18
 861 797
 884 623
 902 502
 913 806
 955 51
 957 169
 980 146
 132 11
 182 52
 206 31
 215 60
 262 164
 300 176
 355 278
 370 341
 439 129
 477 391
 500 215
 527 134
 542 77
 553 920
 679 318
 694 656
 713 630
 740 59
 755 143
 762 340
 785 568
 809 664
 858 235
 864 369
 893 98
 902 144
 918 501
 923 611
 931 467
 947 514
 947 657
 983 371
 993 252
 994 186
 63 645
 84 54
 312 189
 339 160
 443 390
 528 230
 529 326
 568 906
 579 544
 674 298
 685 607
 721 292
 766 628
 797 576
 807 520
 814 423
 849 307
 853 799
 876 703
 888 368
 923 788
 938 494
 939 139
 967 957
 969 450
 973 379
 986 658
 993 837
 116 51
 332 321
 385 244
 432 6
 442 48
 442 298
 450 155
 470 402
 513 123
 529 172
 547 73
 600 185
 639 534
 688 14
 696 175
 708 168
 735 123
 775 421
 777 236
 790 322
 793 284
 818 335
 822 280
 828 187
 851 225
 860 318
 876 55
 906 279
 906 449
 909 663
 920 882
 982 649
 987 818
 109 48
 268 68
 431 92
 478 284
 567 54
 613 76
 728 246
 749 498
 760 239
 765 194
 816 439
 835 556
 872 546
 882 389
 909 98
 924 125
 957 985
 970 825
 976 729
 194 56
 290 158
 342 74
 442 99
 490 26
 490 43
 536 95
 684 64
 744 289
 745 172
 763 548
 776 734
 826 553
 827 81
 896 162
 912 877
 927 114
 961 430
 961 698
 979 244
 992 804
 243 194
 269 918
 431 327
 583 97
 613 208
 648 313
 719 399
 820 805
 895 778
 898 56
 931 167
 940 42
 945 778
 976 769
 292 48
 337 151
 376 46
 404 153
 415 336
 427 422
 451 343
 559 402
 605 540
 612 103
 647 449
 679 652
 697 558
 710 623
 725 550
 767 365
 767 550
 793 596
 813 139
 848 520
 874 418
 912 493
 1000 851
 1000 971
 346 33
 517 457
 524 173
 612 189
 648 464
 816 148
 866 436
 886 666
 895 251
 905 86
 934 546
 971 196
 986 742
 988 929
 270 32
 284 53
 328 122
 393 76
 409 233
 498 129
 517 193
 525 397
 555 287
 596 510
 704 245
 736 722
 782 26
 821 535
 892 344
 946 237
 996 841
 311 174
 559 523
 642 153
 693 617
 730 35
 841 110
 885 168
 937 845
 964 467
 82 65
 245 84
 309 281
 396 284
 533 383
 711 105
 803 700
 859 149
 870 406
 874 281
 898 451
 999 395
 319 74
 351 339
 411 318
 503 141
 504 215
 512 333
 531 530
 565 225
 589 561
 604 188
 727 710
 783 660
 797 676
 877 128
 885 375
 935 186
 230 127
 445 405
 461 437
 469 334
 504 122
 536 64
 822 286
 956 161
 959 859
 87 4
 271 246
 320 42
 383 51
 501 380
 557 367
 603 114
 678 465
 900 252
 924 637
 956 471
 962 254
 163 110
 317 895
 400 45
 438 102
 504 52
 588 94
 680 583
 794 676
 907 461
 922 144
 229 16
 235 155
 518 299
 522 292
 549 113
 839 458
 844 227
 915 338
 932 629
 80 135
 350 1
 374 466
 378 514
 476 80
 483 306
 484 166
 487 52
 568 413
 580 85
 603 179
 604 371
 670 93
 746 34
 847 827
 859 738
 878 751
 947 919
 972 628
 128 62
 324 49
 443 212
 773 190
 852 287
 875 842
 954 20
 417 74
 815 302
 921 264
 991 93
 358 242
 427 88
 605 20
 773 104
 836 67
 873 336
 903 635
 974 21
 175 164
 437 79
 524 408
 609 220
 690 441
 779 55
 494 132
 645 506
 707 689
 749 181
 852 170
 984 247
 508 207
 538 216
 584 177
 808 59
 347 336
 522 376
 563 254
 910 484
 936 354
 545 259
 575 89
 712 428
 764 451
 415 137
 486 445
 503 3
 679 394
 762 147
 835 786
 868 371
 185 58
 261 117
 437 183
 692 51
 741 25
 831 376
 834 515
 889 134
 930 226
 958 60
 70 52
 392 248
 821 201
 465 147
 632 536
 647 213
 682 566
 787 661
 975 258
 419 417
 509 499
 593 298
 827 90
 540 331
 710 27
 770 398
 938 631
 758 554
 961 796
 479 220
 661 17
 678 282
 693 539
 757 537
 792 554
 246 686
 671 31
 726 196
 842 519
 611 429
 613 582
 651 462
 665 291
 681 89
 757 462
 231 106
 584 173
 723 80
 928 909
 91 39
 433 21
 833 495
 899 872
 966 121
 753 610
 668 72
 951 629
 443 304
 870 724
 51 40
 713 551
 861 655
 933 19
 930 411
 411 223
 154 951
 526 18
 872 481
 291 111
 671 301
 702 305
 644 582
 670 659
 118 70
 507 276
 691 3
 854 640
 926 572
 351 305
 733 94
 936 491
 863 101
 364 283
 352 115
 855 573
 881 778
 552 202
 947 29
 965 208
 784 646
 262 36
 399 211
 880 722
 315 44
